32
0 1290 1622 1526 1704 1977 1429 1498 1512 1068 1939 1751 1876 1461 1989 1963 1326 2031 1954 1970 1288 1422 1354 1297 1070 1703 1942 1764 1514 1821 1689 1636 
1290 0 1826 1686 1642 1975 1867 1894 1900 1206 1564 1549 1192 1517 1594 1235 1721 1735 1864 1513 1207 1572 1442 1605 1563 1750 1147 1076 1518 1978 1130 2041 
1622 1826 0 1472 1522 1503 1033 1837 1782 1571 1338 1613 1403 1705 1835 1300 1481 1903 1796 1879 1765 1590 1368 1135 1679 1427 1049 1673 1656 1223 1305 1958 
1526 1686 1472 0 1209 1701 1095 1573 1829 1981 1806 1415 1812 1965 2020 1991 1214 1447 1423 1920 1833 1260 1360 1846 1462 1348 1743 1449 1511 1439 1273 1149 
1704 1642 1522 1209 0 1889 1387 1392 1635 2004 1928 1799 1265 1213 1729 1351 1352 1805 1399 1543 1361 1025 1262 1355 1240 1797 1401 1051 1337 1688 1510 1562 
1977 1975 1503 1701 1889 0 1810 1212 1717 1662 1143 1862 1428 1775 2037 1804 1189 1220 1176 1937 1054 1909 1953 1062 1877 1374 1878 1295 2042 2045 1086 1803 
1429 1867 1033 1095 1387 1810 0 1676 1800 1748 1495 1492 1488 1834 1945 1330 1098 1038 1791 1713 1638 1222 1784 1960 1263 2014 1902 1094 1985 1741 1127 1307 
1498 1894 1837 1573 1392 1212 1676 0 1418 2043 1446 1322 1695 1814 1561 1109 1170 2027 1898 1734 1349 1922 1858 1205 1649 1088 1139 1115 1140 1383 1103 1380 
1512 1900 1782 1829 1635 1717 1800 1418 0 1238 1077 1802 1232 1494 2008 1028 1559 1652 1761 1612 1332 2046 1575 1500 1411 1386 1964 1848 1926 1134 1142 1825 
1068 1206 1571 1981 2004 1662 1748 2043 1238 0 1658 1204 1948 1614 1473 1912 1554 1664 1301 1430 1180 1493 1117 1310 1700 1454 1122 1728 1745 1681 2036 1468 
1939 1564 1338 1806 1928 1143 1495 1446 1077 1658 0 1535 1929 1432 1278 1252 1193 1078 1160 1178 1895 1066 1413 1822 2048 1993 1824 2012 1124 1344 1984 1093 
1751 1549 1613 1415 1799 1862 1492 1322 1802 1204 1535 0 1306 1241 1596 1753 1375 1444 1868 1289 1606 1186 1369 1400 1603 1410 1670 1995 1539 1680 1650 1146 
1876 1192 1403 1812 1265 1428 1488 1695 1232 1948 1929 1306 0 1048 1623 1233 1742 1678 1758 1393 1215 1482 1936 1951 1274 1809 1584 1832 1712 1448 1299 1983 
1461 1517 1705 1965 1213 1775 1834 1814 1494 1614 1432 1241 1048 0 1580 1677 1152 1653 1924 1242 1521 1998 1397 1618 1531 1589 1801 1901 1396 1173 1382 1944 
1989 1594 1835 2020 1729 2037 1945 1561 2008 1473 1278 1596 1623 1580 0 1425 1243 1949 1608 1585 1075 1436 1183 1181 1515 1692 1463 1138 1084 1625 1129 1254 
1963 1235 1300 1991 1351 1804 1330 1109 1028 1912 1252 1753 1233 1677 1425 0 1371 1856 2024 1509 1145 1859 1870 1131 1385 1710 1709 1346 1483 1035 1036 1367 
1326 1721 1481 1214 1352 1189 1098 1170 1559 1554 1193 1375 1742 1152 1243 1371 0 1431 1123 1768 1888 1925 1537 1582 1905 1159 1615 1340 1314 1416 2032 1161 
2031 1735 1903 1447 1805 1220 1038 2027 1652 1664 1078 1444 1678 1653 1949 1856 1431 0 1749 1855 1957 1162 1407 1244 1029 1865 1195 1674 1525 1595 1548 1757 
1954 1864 1796 1423 1399 1176 1791 1898 1761 1301 1160 1868 1758 1924 1608 2024 1123 1749 0 2009 1699 1577 1980 1438 1379 1287 1266 1328 1918 1421 1116 1557 
1970 1513 1879 1920 1543 1937 1713 1734 1612 1430 1178 1289 1393 1242 1585 1509 1768 1855 2009 0 1424 1672 1255 1203 1200 1197 2033 1275 1863 1026 1043 1815 
1288 1207 1765 1833 1361 1054 1638 1349 1332 1180 1895 1606 1215 1521 1075 1145 1888 1957 1699 1424 0 1350 1684 1754 1974 1842 1621 1141 1941 1641 1089 1362 
1422 1572 1590 1260 1025 1909 1222 1922 2046 1493 1066 1186 1482 1998 1436 1859 1925 1162 1577 1672 1350 0 2040 1959 1477 1324 1486 1194 1914 1199 1027 1320 
1354 1442 1368 1360 1262 1953 1784 1858 1575 1117 1413 1369 1936 1397 1183 1870 1537 1407 1980 1255 1684 2040 0 1536 1171 1851 1546 1105 1643 1298 1934 1956 
1297 1605 1135 1846 1355 1062 1960 1205 1500 1310 1822 1400 1951 1618 1181 1131 1582 1244 1438 1203 1754 1959 1536 0 1336 1691 1808 1616 1230 2015 1875 1334 
1070 1563 1679 1462 1240 1877 1263 1649 1411 1700 2048 1603 1274 1531 1515 1385 1905 1029 1379 1200 1974 1477 1171 1336 0 1313 1966 1373 1904 1433 1293 1440 
1703 1750 1427 1348 1797 1374 2014 1088 1386 1454 1993 1410 1809 1589 1692 1710 1159 1865 1287 1197 1842 1324 1851 1691 1313 0 1398 1567 1239 1218 1508 1593 
1942 1147 1049 1743 1401 1878 1902 1139 1964 1122 1824 1670 1584 1801 1463 1709 1615 1195 1266 2033 1621 1486 1546 1808 1966 1398 0 1860 2029 1813 1081 1175 
1764 1076 1673 1449 1051 1295 1094 1115 1848 1728 2012 1995 1832 1901 1138 1346 1340 1674 1328 1275 1141 1194 1105 1616 1373 1567 1860 0 1968 1053 1476 1971 
1514 1518 1656 1511 1337 2042 1985 1140 1926 1745 1124 1539 1712 1396 1084 1483 1314 1525 1918 1863 1941 1914 1643 1230 1904 1239 2029 1968 0 1619 1871 1795 
1821 1978 1223 1439 1688 2045 1741 1383 1134 1681 1344 1680 1448 1173 1625 1035 1416 1595 1421 1026 1641 1199 1298 2015 1433 1218 1813 1053 1619 0 1550 1629 
1689 1130 1305 1273 1510 1086 1127 1103 1142 2036 1984 1650 1299 1382 1129 1036 2032 1548 1116 1043 1089 1027 1934 1875 1293 1508 1081 1476 1871 1550 0 1583 
1636 2041 1958 1149 1562 1803 1307 1380 1825 1468 1093 1146 1983 1944 1254 1367 1161 1757 1557 1815 1362 1320 1956 1334 1440 1593 1175 1971 1795 1629 1583 0 
