28
26
0 8486 2157 7082 4082 847 6014 6590 2351 2406 1017 4736 8265 8669 5159 8460 1080 3508 5262 1665 6585 7893 3787 3712 8007 8670 8251 6671
8486 0 9963 14888 11888 8509 4134 2574 10157 7166 8823 12542 16071 1987 12965 16266 7718 11314 4658 6989 3139 2437 5045 6668 15813 1988 16057 14477
2157 9963 0 5899 2899 2324 7491 8067 1168 3883 1276 3553 7082 10146 3976 7277 2557 2325 6739 3142 8062 9370 5264 5189 6824 10147 7068 5488
7082 14888 5899 0 4304 7249 12416 12992 5043 8808 6201 4156 2491 15071 2593 2686 7482 4468 11664 8067 12987 14295 10189 10114 2233 15072 2477 2299
4082 11888 2899 4304 0 4249 9416 9992 2043 5808 3201 1958 5487 12071 2381 5682 4482 1468 8664 5067 9987 11295 7189 7114 5229 12072 5473 3893
847 8509 2324 7249 4249 0 6037 6613 2518 2429 1184 4903 8432 8692 5326 8627 1103 3675 5285 1688 6608 7916 3810 3735 8174 8693 8418 6838
6014 4134 7491 12416 9416 6037 0 2238 7685 4694 6351 10070 13599 4317 10493 13794 5246 8842 2186 4517 2233 3541 2573 4196 13341 4318 13585 12005
6590 2574 8067 12992 9992 6613 2238 0 8261 5270 6927 10646 14175 2757 11069 14370 5822 9418 2762 5093 1243 1981 3149 4772 13917 2758 14161 12581
2351 10157 1168 5043 2043 2518 7685 8261 0 4077 1470 2697 6226 10340 3120 6421 2751 1469 6933 3336 8256 9564 5458 5383 5968 10341 6212 4632
2406 7166 3883 8808 5808 2429 4694 5270 4077 0 2743 6462 9991 7349 6885 10186 1638 5234 3942 909 5265 6573 2467 2392 9733 7350 9977 8397
1017 8823 1276 6201 3201 1184 6351 6927 1470 2743 0 3855 7384 9006 4278 7579 1417 2627 5599 2002 6922 8230 4124 4049 7126 9007 7370 5790
4736 12542 3553 4156 1958 4903 10070 10646 2697 6462 3855 0 5339 12725 2233 5534 5136 2122 9318 5721 10641 11949 7843 7768 5081 12726 5325 3745
8265 16071 7082 2491 5487 8432 13599 14175 6226 9991 7384 5339 0 16254 3776 1107 8665 5651 12847 9250 14170 15478 11372 11297 1458 16255 898 3482
8669 1987 10146 15071 12071 8692 4317 2757 10340 7349 9006 12725 16254 0 13148 16449 7901 11497 4841 7172 3322 2620 5228 6851 15996 941 16240 14660
5159 12965 3976 2593 2381 5326 10493 11069 3120 6885 4278 2233 3776 13148 0 3971 5559 2545 9741 6144 11064 12372 8266 8191 3518 13149 3762 2182
8460 16266 7277 2686 5682 8627 13794 14370 6421 10186 7579 5534 1107 16449 3971 0 8860 5846 13042 9445 14365 15673 11567 11492 1653 16450 801 3677
1080 7718 2557 7482 4482 1103 5246 5822 2751 1638 1417 5136 8665 7901 5559 8860 0 3908 4494 897 5817 7125 3019 2944 8407 7902 8651 7071
3508 11314 2325 4468 1468 3675 8842 9418 1469 5234 2627 2122 5651 11497 2545 5846 3908 0 8090 4493 9413 10721 6615 6540 5393 11498 5637 4057
5262 4658 6739 11664 8664 5285 2186 2762 6933 3942 5599 9318 12847 4841 9741 13042 4494 8090 0 3765 2757 4065 1821 3444 12589 4842 12833 11253
1665 6989 3142 8067 5067 1688 4517 5093 3336 909 2002 5721 9250 7172 6144 9445 897 4493 3765 0 5088 6396 2290 2215 8992 7173 9236 7656
6585 3139 8062 12987 9987 6608 2233 1243 8256 5265 6922 10641 14170 3322 11064 14365 5817 9413 2757 5088 0 2546 3144 4767 13912 3323 14156 12576
7893 2437 9370 14295 11295 7916 3541 1981 9564 6573 8230 11949 15478 2620 12372 15673 7125 10721 4065 6396 2546 0 4452 6075 15220 2621 15464 13884
3787 5045 5264 10189 7189 3810 2573 3149 5458 2467 4124 7843 11372 5228 8266 11567 3019 6615 1821 2290 3144 4452 0 1969 11114 5229 11358 9778
3712 6668 5189 10114 7114 3735 4196 4772 5383 2392 4049 7768 11297 6851 8191 11492 2944 6540 3444 2215 4767 6075 1969 0 11039 6852 11283 9703
8007 15813 6824 2233 5229 8174 13341 13917 5968 9733 7126 5081 1458 15996 3518 1653 8407 5393 12589 8992 13912 15220 11114 11039 0 15997 1444 3224
8670 1988 10147 15072 12072 8693 4318 2758 10341 7350 9007 12726 16255 941 13149 16450 7902 11498 4842 7173 3323 2621 5229 6852 15997 0 16241 14661
8251 16057 7068 2477 5473 8418 13585 14161 6212 9977 7370 5325 898 16240 3762 801 8651 5637 12833 9236 14156 15464 11358 11283 1444 16241 0 3468
6671 14477 5488 2299 3893 6838 12005 12581 4632 8397 5790 3745 3482 14660 2182 3677 7071 4057 11253 7656 12576 13884 9778 9703 3224 14661 3468 0
