27
0 4616 8032 8336 3131 4012 1155 4500 8454 11220 7069 8771 5667 6827 9403 6945 3708 10623 4946 7430 2317 11251 10566 2692 8767 2672 2669
4616 0 4396 4700 2063 1222 4901 864 4818 7584 3433 5135 2031 3191 5767 3309 1838 6987 1310 3794 4237 7615 6930 6438 5131 6418 2635
8032 4396 0 610 5479 4638 8317 4080 1224 3494 1323 1045 2935 1645 1677 2867 5254 2897 3464 2068 7653 3525 2840 9854 1041 9834 6051
8336 4700 610 0 5783 4942 8621 4384 1528 3400 1627 951 3239 1949 1583 3171 5558 2803 3768 2372 7957 3431 2746 10158 947 10138 6355
3131 2063 5479 5783 0 1459 3416 1947 5901 8667 4516 6218 3114 4274 6850 4392 1155 8070 2393 4877 2752 8698 8013 4953 6214 4933 1150
4012 1222 4638 4942 1459 0 4297 1106 5060 7826 3675 5377 2273 3433 6009 3551 1234 7229 1552 4036 3633 7857 7172 5834 5373 5814 2031
1155 4901 8317 8621 3416 4297 0 4785 8739 11505 7354 9056 5952 7112 9688 7230 3993 10908 5231 7715 2602 11536 10851 2227 9052 2207 2954
4500 864 4080 4384 1947 1106 4785 0 4502 7268 3117 4819 1715 2875 5451 2993 1722 6671 994 3478 4121 7299 6614 6322 4815 6302 2519
8454 4818 1224 1528 5901 5060 8739 4502 0 4412 1745 1963 3357 2067 2595 3289 5676 3815 3886 2490 8075 4443 3758 10276 1959 10256 6473
11220 7584 3494 3400 8667 7826 11505 7268 4412 0 4511 3141 6123 4833 2541 6055 8442 781 6652 5256 10841 463 2536 13042 3591 13022 9239
7069 3433 1323 1627 4516 3675 7354 3117 1745 4511 0 2062 1972 682 2694 1904 4291 3914 2501 1105 6690 4542 3857 8891 2058 8871 5088
8771 5135 1045 951 6218 5377 9056 4819 1963 3141 2062 0 3674 2384 1324 3606 5993 2544 4203 2807 8392 3172 2487 10593 1142 10573 6790
5667 2031 2935 3239 3114 2273 5952 1715 3357 6123 1972 3674 0 1730 4306 1848 2889 5526 1099 2333 5288 6154 5469 7489 3670 7469 3686
6827 3191 1645 1949 4274 3433 7112 2875 2067 4833 682 2384 1730 0 3016 1662 4049 4236 2259 1043 6448 4864 4179 8649 2380 8629 4846
9403 5767 1677 1583 6850 6009 9688 5451 2595 2541 2694 1324 4306 3016 0 4238 6625 1944 4835 3439 9024 2572 1887 11225 1774 11205 7422
6945 3309 2867 3171 4392 3551 7230 2993 3289 6055 1904 3606 1848 1662 4238 0 4167 5458 2377 2265 6566 6086 5401 8767 3602 8747 4964
3708 1838 5254 5558 1155 1234 3993 1722 5676 8442 4291 5993 2889 4049 6625 4167 0 7845 2168 4652 3329 8473 7788 5530 5989 5510 1727
10623 6987 2897 2803 8070 7229 10908 6671 3815 781 3914 2544 5526 4236 1944 5458 7845 0 6055 4659 10244 812 1939 12445 2994 12425 8642
4946 1310 3464 3768 2393 1552 5231 994 3886 6652 2501 4203 1099 2259 4835 2377 2168 6055 0 2862 4567 6683 5998 6768 4199 6748 2965
7430 3794 2068 2372 4877 4036 7715 3478 2490 5256 1105 2807 2333 1043 3439 2265 4652 4659 2862 0 7051 5287 4602 9252 2803 9232 5449
2317 4237 7653 7957 2752 3633 2602 4121 8075 10841 6690 8392 5288 6448 9024 6566 3329 10244 4567 7051 0 10872 10187 4139 8388 4119 2290
11251 7615 3525 3431 8698 7857 11536 7299 4443 463 4542 3172 6154 4864 2572 6086 8473 812 6683 5287 10872 0 2567 13073 3622 13053 9270
10566 6930 2840 2746 8013 7172 10851 6614 3758 2536 3857 2487 5469 4179 1887 5401 7788 1939 5998 4602 10187 2567 0 12388 2937 12368 8585
2692 6438 9854 10158 4953 5834 2227 6322 10276 13042 8891 10593 7489 8649 11225 8767 5530 12445 6768 9252 4139 13073 12388 0 10589 1894 4491
8767 5131 1041 947 6214 5373 9052 4815 1959 3591 2058 1142 3670 2380 1774 3602 5989 2994 4199 2803 8388 3622 2937 10589 0 10569 6786
2672 6418 9834 10138 4933 5814 2207 6302 10256 13022 8871 10573 7469 8629 11205 8747 5510 12425 6748 9232 4119 13053 12368 1894 10569 0 4471
2669 2635 6051 6355 1150 2031 2954 2519 6473 9239 5088 6790 3686 4846 7422 4964 1727 8642 2965 5449 2290 9270 8585 4491 6786 4471 0
