24
0 990 663 999 850 1037 1034 594 1056 922 1019 818 1095 943 948 1089 656 908 960 690 1123 894 760 974 
990 0 825 989 1148 727 581 873 988 694 757 897 743 933 849 1050 592 1071 639 695 963 778 738 1027 
663 825 0 826 829 1057 1073 890 798 944 925 736 762 1045 954 786 669 742 645 1105 969 579 766 580 
999 989 826 0 949 1146 828 822 801 859 1093 708 882 932 1144 1080 657 957 706 776 710 1023 750 696 
850 1148 829 949 0 714 865 689 1120 965 1040 1007 980 1059 1112 928 615 1060 1072 1065 662 845 619 1016 
1037 727 1057 1146 714 0 934 640 817 877 609 958 899 950 871 1116 777 675 904 860 1135 842 883 986 
1034 581 1073 828 865 934 0 879 796 1083 1025 607 1061 1012 647 724 856 693 884 1033 861 691 587 761 
594 873 890 822 689 640 879 0 906 711 770 835 808 1018 937 1094 886 765 576 1011 833 1032 578 614 
1056 988 798 801 1120 817 796 906 0 588 1114 945 982 679 926 797 1036 862 627 893 898 593 745 991 
922 694 944 859 965 877 1083 711 588 0 854 1092 915 633 590 700 800 740 1087 1039 612 752 889 790 
1019 757 925 1093 1040 609 1025 770 1114 854 0 863 834 907 1069 680 799 881 658 961 660 895 946 666 
818 897 736 708 1007 958 607 835 945 1092 863 0 1021 936 676 1017 734 814 1003 914 940 1082 807 681 
1095 743 762 882 980 899 1061 808 982 915 834 1021 0 892 1104 1002 611 795 1086 973 815 1052 646 923 
943 933 1045 932 1059 950 1012 1018 679 633 907 936 892 0 601 791 964 636 858 979 1132 1078 670 1131 
948 849 954 1144 1112 871 647 937 926 590 1069 676 1104 601 0 1070 599 851 674 1066 1041 905 1121 629 
1089 1050 786 1080 928 1116 724 1094 797 700 680 1017 1002 791 1070 0 848 1115 583 712 1008 664 667 785 
656 592 669 657 615 777 856 886 1036 800 799 734 611 964 599 848 0 918 1096 864 683 929 867 649 
908 1071 742 957 1060 675 693 765 862 740 881 814 795 636 851 1115 918 0 919 604 971 912 1129 718 
960 639 645 706 1072 904 884 576 627 1087 658 1003 1086 858 674 583 1096 919 0 1125 596 891 715 875 
690 695 1105 776 1065 860 1033 1011 893 1039 961 914 973 979 1066 712 864 604 1125 0 1091 606 682 769 
1123 963 969 710 662 1135 861 833 898 612 660 940 815 1132 1041 1008 683 971 596 1091 0 966 1068 788 
894 778 579 1023 845 842 691 1032 593 752 895 1082 1052 1078 905 664 929 912 891 606 966 0 1139 631 
760 738 766 750 619 883 587 578 745 889 946 807 646 670 1121 667 867 1129 715 682 1068 1139 0 981 
974 1027 580 696 1016 986 761 614 991 790 666 681 923 1131 629 785 649 718 875 769 788 631 981 0 
